Loss: 0.038297951221466064
Accuracy: 0.9708737730979919